world=minecraft:overworld
cancelled=true
center-x=-1894.5818092330212
center-z=-1189.125207489945
radius=500.0
radius-z=500.0
shape=rectangle
pattern=loop
chunks=4225
time=5
